"URBAN REDEVELOPMENT AUTHORITY - PRIVATE RESIDENTIAL PROPERTY TRANSACTIONS WITH CAVEATS LODGED OR OPTIONS ISSUED"

"S/N","Project Name","Street Name","Type","Postal District","Market Segment","Tenure","Type of Sale","No. of Units","Price ($)","Nett Price ($)","Area (Sqft)","Type of Area","Floor Level","Unit Price ($psf)","Date of Sale"
"1","BELGRAVIA GREEN","BELGRAVIA DRIVE","Strata Terrace","28","OCR","Freehold","New Sale","1","3089490","-","3466","Strata","-","891","Aug-2019"
"2","BELGRAVIA GREEN","BELGRAVIA DRIVE","Strata Terrace","28","OCR","Freehold","New Sale","1","2709000","-","3132","Strata","-","865","Aug-2019"
"3","BELGRAVIA GREEN","BELGRAVIA DRIVE","Strata Terrace","28","OCR","Freehold","New Sale","1","3089490","-","3466","Strata","-","891","Jul-2019"
"4","ESTE VILLA","NIM ROAD","Strata Terrace","28","OCR","Freehold","Resale","1","2458000","-","3423","Strata","-","718","Jul-2019"
"5","BELGRAVIA GREEN","BELGRAVIA DRIVE","Strata Terrace","28","OCR","Freehold","New Sale","1","2759200","-","3132","Strata","-","881","Jul-2019"
"6","CABANA","SUNRISE TERRACE","Strata Terrace","28","OCR","103 yrs lease commencing from 2009","Resale","1","1900000","-","3337","Strata","-","569","Jul-2019"
"7","BELGRAVIA GREEN","BELGRAVIA DRIVE","Strata Terrace","28","OCR","Freehold","New Sale","1","2729200","-","3132","Strata","-","871","Jul-2019"
"8","BELGRAVIA GREEN","BELGRAVIA DRIVE","Strata Terrace","28","OCR","Freehold","New Sale","1","3028580","-","3423","Strata","-","885","Jul-2019"
"9","BELGRAVIA GREEN","BELGRAVIA DRIVE","Strata Terrace","28","OCR","Freehold","New Sale","1","3028580","-","3423","Strata","-","885","Jul-2019"
"10","BELGRAVIA GREEN","BELGRAVIA DRIVE","Strata Terrace","28","OCR","Freehold","New Sale","1","2840000","-","3294","Strata","-","862","Jul-2019"
"11","BELGRAVIA GREEN","BELGRAVIA DRIVE","Strata Terrace","28","OCR","Freehold","New Sale","1","2840200","-","3294","Strata","-","862","Jul-2019"
"12","THE SHAUGHNESSY","MILTONIA CLOSE","Strata Terrace","27","OCR","99 yrs lease commencing from 2001","Resale","1","1485000","-","3283","Strata","-","452","Jul-2019"
"13","BELGRAVIA GREEN","BELGRAVIA DRIVE","Strata Terrace","28","OCR","Freehold","New Sale","1","3000000","-","3455","Strata","-","868","Jun-2019"
"14","BELGRAVIA GREEN","BELGRAVIA DRIVE","Strata Terrace","28","OCR","Freehold","New Sale","1","3089490","-","3466","Strata","-","891","Jun-2019"
"15","THE SHAUGHNESSY","MILTONIA CLOSE","Strata Terrace","27","OCR","99 yrs lease commencing from 2001","Resale","1","1368888","-","3283","Strata","-","417","Jun-2019"
"16","BELGRAVIA GREEN","BELGRAVIA DRIVE","Strata Terrace","28","OCR","Freehold","New Sale","1","3020000","-","3466","Strata","-","871","Jun-2019"
"17","BELGRAVIA GREEN","BELGRAVIA DRIVE","Strata Terrace","28","OCR","Freehold","New Sale","1","3028000","-","3466","Strata","-","874","Jun-2019"
"18","WATERCOVE","WAK HASSAN DRIVE","Strata Terrace","27","OCR","Freehold","New Sale","1","2380000","-","3369","Strata","-","706","Jun-2019"
"19","PLATINA GARDENS","PLATINA ROAD","Strata Terrace","27","OCR","Freehold","Resale","1","1800000","-","3950","Strata","-","456","Jun-2019"
"20","ESTE VILLA","NIM ROAD","Strata Terrace","28","OCR","Freehold","Resale","1","2410000","-","3423","Strata","-","704","Jun-2019"
"21","WATERCOVE","WAK HASSAN DRIVE","Strata Semi-detached","27","OCR","Freehold","New Sale","1","2500000","-","3488","Strata","-","717","Jun-2019"
"22","WATERCOVE","WAK HASSAN DRIVE","Strata Terrace","27","OCR","Freehold","New Sale","1","2900000","-","3455","Strata","-","839","Jun-2019"
"23","WATERCOVE","WAK HASSAN DRIVE","Strata Terrace","27","OCR","Freehold","New Sale","1","2370000","-","3369","Strata","-","703","Jun-2019"
"24","BELGRAVIA GREEN","BELGRAVIA DRIVE","Strata Semi-detached","28","OCR","Freehold","New Sale","1","3779600","-","3897","Strata","-","970","Jun-2019"
"25","ESTE VILLA","NIM ROAD","Strata Terrace","28","OCR","Freehold","Resale","1","2525000","-","3412","Strata","-","740","Jun-2019"
"26","SPRINGHILL","SEMBAWANG WALK","Strata Terrace","27","OCR","99 yrs lease commencing from 2002","Resale","1","1460000","-","2766","Strata","01 to 05","528","Jun-2019"
"27","BELGRAVIA GREEN","BELGRAVIA DRIVE","Strata Semi-detached","28","OCR","Freehold","New Sale","1","3858000","-","4004","Strata","-","963","Jun-2019"
"28","BELGRAVIA GREEN","BELGRAVIA DRIVE","Strata Terrace","28","OCR","Freehold","New Sale","1","2995300","-","3423","Strata","-","875","Jun-2019"
"29","BELGRAVIA GREEN","BELGRAVIA DRIVE","Strata Terrace","28","OCR","Freehold","New Sale","1","3046373","-","3466","Strata","-","879","Jun-2019"
"30","SPRINGHILL","SEMBAWANG WALK","Strata Terrace","27","OCR","99 yrs lease commencing from 2002","Resale","1","1543000","-","3649","Strata","01 to 05","423","May-2019"
"31","BELGRAVIA GREEN","BELGRAVIA DRIVE","Strata Terrace","28","OCR","Freehold","New Sale","1","3010970","-","3455","Strata","-","871","May-2019"
"32","WATERCOVE","WAK HASSAN DRIVE","Strata Terrace","27","OCR","Freehold","New Sale","1","2900000","-","3466","Strata","-","837","May-2019"
"33","BELGRAVIA GREEN","BELGRAVIA DRIVE","Strata Terrace","28","OCR","Freehold","New Sale","1","3016360","-","3466","Strata","-","870","May-2019"
"34","BELGRAVIA GREEN","BELGRAVIA DRIVE","Strata Terrace","28","OCR","Freehold","New Sale","1","3006560","-","3466","Strata","-","867","May-2019"
"35","BELGRAVIA GREEN","BELGRAVIA DRIVE","Strata Terrace","28","OCR","Freehold","New Sale","1","3055540","-","3466","Strata","-","882","May-2019"
"36","BELGRAVIA GREEN","BELGRAVIA DRIVE","Strata Terrace","28","OCR","Freehold","New Sale","1","3055540","-","3466","Strata","-","882","May-2019"
"37","BELGRAVIA GREEN","BELGRAVIA DRIVE","Strata Terrace","28","OCR","Freehold","New Sale","1","2956110","-","3423","Strata","-","864","May-2019"
"38","BELGRAVIA GREEN","BELGRAVIA DRIVE","Strata Terrace","28","OCR","Freehold","New Sale","1","3055540","-","3466","Strata","-","882","May-2019"
"39","WATERCOVE","WAK HASSAN DRIVE","Strata Terrace","27","OCR","Freehold","New Sale","1","2900000","-","3466","Strata","-","837","May-2019"
"40","SPRINGHILL","SEMBAWANG WALK","Strata Terrace","27","OCR","99 yrs lease commencing from 2002","Resale","1","1518888","-","3122","Strata","01 to 05","487","Apr-2019"
"41","BELGRAVIA GREEN","BELGRAVIA DRIVE","Strata Terrace","28","OCR","Freehold","New Sale","1","3143470","-","3595","Strata","-","874","Apr-2019"
"42","BELGRAVIA GREEN","BELGRAVIA DRIVE","Strata Terrace","28","OCR","Freehold","New Sale","1","3173190","-","3455","Strata","-","918","Apr-2019"
"43","SELETAR VIEW","SELETAR HILLS DRIVE","Strata Terrace","28","OCR","999 yrs lease commencing from 1879","Resale","1","2160000","-","3283","Strata","-","658","Apr-2019"
"44","SPRINGHILL","SEMBAWANG WALK","Strata Terrace","27","OCR","99 yrs lease commencing from 2002","Resale","1","1338000","-","2960","Strata","01 to 05","452","Apr-2019"
"45","BELGRAVIA GREEN","BELGRAVIA DRIVE","Strata Terrace","28","OCR","Freehold","New Sale","1","2745404","-","3132","Strata","-","876","Apr-2019"
"46","BELGRAVIA GREEN","BELGRAVIA DRIVE","Strata Semi-detached","28","OCR","Freehold","New Sale","1","3805000","-","4004","Strata","-","950","Apr-2019"
"47","WATERCOVE","WAK HASSAN DRIVE","Strata Terrace","27","OCR","Freehold","New Sale","1","2400000","-","3466","Strata","-","692","Apr-2019"
"48","BELGRAVIA VILLAS","BELGRAVIA DRIVE","Strata Terrace","28","OCR","Freehold","Sub Sale","1","2908888","-","3584","Strata","-","812","Apr-2019"
"49","D' KENARIS","JALAN KENARAH","Strata Semi-detached","28","OCR","999 yrs lease commencing from 1879","Resale","1","2128888","-","3649","Strata","-","583","Apr-2019"
"50","SELETAR VIEW","SELETAR HILLS DRIVE","Strata Terrace","28","OCR","999 yrs lease commencing from 1879","Resale","1","2200000","-","3294","Strata","-","668","Mar-2019"
"51","BELGRAVIA GREEN","BELGRAVIA DRIVE","Strata Terrace","28","OCR","Freehold","New Sale","1","2971790","-","3455","Strata","-","860","Mar-2019"
"52","BELGRAVIA GREEN","BELGRAVIA DRIVE","Strata Terrace","28","OCR","Freehold","New Sale","1","3108930","-","3595","Strata","-","865","Mar-2019"
"53","WATERCOVE","WAK HASSAN DRIVE","Strata Terrace","27","OCR","Freehold","New Sale","1","2320000","-","3466","Strata","-","669","Mar-2019"
"54","SPRINGHILL","SEMBAWANG WALK","Strata Terrace","27","OCR","99 yrs lease commencing from 2002","Resale","1","1480000","-","3089","Strata","01 to 05","479","Feb-2019"
"55","BELGRAVIA GREEN","BELGRAVIA DRIVE","Strata Terrace","28","OCR","Freehold","New Sale","1","3148000","-","3466","Strata","-","908","Feb-2019"
"56","BELGRAVIA GREEN","BELGRAVIA DRIVE","Strata Semi-detached","28","OCR","Freehold","New Sale","1","3643600","-","3821","Strata","-","954","Feb-2019"
"57","THE GARDENS AT GERALD","GERALD DRIVE","Strata Terrace","28","OCR","999 yrs lease commencing from 1879","Resale","1","2300000","-","3305","Strata","-","696","Feb-2019"
"58","WATERCOVE","WAK HASSAN DRIVE","Strata Terrace","27","OCR","Freehold","New Sale","1","2930000","-","3348","Strata","-","875","Jan-2019"
"59","BELGRAVIA GREEN","BELGRAVIA DRIVE","Strata Terrace","28","OCR","Freehold","New Sale","1","3070230","-","3466","Strata","-","886","Jan-2019"
"60","BELGRAVIA GREEN","BELGRAVIA DRIVE","Strata Terrace","28","OCR","Freehold","New Sale","1","2980860","-","3455","Strata","-","863","Jan-2019"
"61","WATERCOVE","WAK HASSAN DRIVE","Strata Semi-detached","27","OCR","Freehold","New Sale","1","2538000","-","3671","Strata","-","691","Jan-2019"
"62","SPRINGHILL","SEMBAWANG WALK","Strata Terrace","27","OCR","99 yrs lease commencing from 2002","Resale","1","1380000","-","3014","Strata","01 to 05","458","Jan-2019"
"63","BELGRAVIA GREEN","BELGRAVIA DRIVE","Strata Terrace","28","OCR","Freehold","New Sale","1","2701900","-","3132","Strata","-","863","Jan-2019"
"64","ESTE VILLA","NIM ROAD","Strata Terrace","28","OCR","Freehold","Resale","1","2430000","-","3401","Strata","-","714","Dec-2018"
"65","BELGRAVIA GREEN","BELGRAVIA DRIVE","Strata Terrace","28","OCR","Freehold","New Sale","1","2861300","-","3294","Strata","-","869","Dec-2018"
"66","BELGRAVIA GREEN","BELGRAVIA DRIVE","Strata Terrace","28","OCR","Freehold","New Sale","1","3133910","-","3466","Strata","-","904","Dec-2018"
"67","CABANA","SUNRISE TERRACE","Strata Terrace","28","OCR","103 yrs lease commencing from 2009","Resale","1","1833888","-","2917","Strata","-","629","Dec-2018"
"68","BELGRAVIA GREEN","BELGRAVIA DRIVE","Strata Terrace","28","OCR","Freehold","New Sale","1","3091390","-","3638","Strata","-","850","Dec-2018"
"69","BELGRAVIA GREEN","BELGRAVIA DRIVE","Strata Terrace","28","OCR","Freehold","New Sale","1","2701910","-","3132","Strata","-","863","Dec-2018"
"70","BELGRAVIA GREEN","BELGRAVIA DRIVE","Strata Terrace","28","OCR","Freehold","New Sale","1","3035230","-","3531","Strata","-","860","Dec-2018"
"71","BELGRAVIA GREEN","BELGRAVIA DRIVE","Strata Terrace","28","OCR","Freehold","New Sale","1","3146000","-","3638","Strata","-","865","Dec-2018"
"72","BELGRAVIA GREEN","BELGRAVIA DRIVE","Strata Terrace","28","OCR","Freehold","New Sale","1","3100990","-","3638","Strata","-","852","Dec-2018"
"73","BELGRAVIA GREEN","BELGRAVIA DRIVE","Strata Terrace","28","OCR","Freehold","New Sale","1","3065950","-","3595","Strata","-","853","Dec-2018"
"74","BELGRAVIA GREEN","BELGRAVIA DRIVE","Strata Terrace","28","OCR","Freehold","New Sale","1","3124990","-","3638","Strata","-","859","Dec-2018"
"75","BELGRAVIA GREEN","BELGRAVIA DRIVE","Strata Terrace","28","OCR","Freehold","New Sale","1","2994430","-","3466","Strata","-","864","Dec-2018"
"76","BELGRAVIA GREEN","BELGRAVIA DRIVE","Strata Terrace","28","OCR","Freehold","New Sale","1","3115390","-","3638","Strata","-","856","Dec-2018"
"77","BELGRAVIA GREEN","BELGRAVIA DRIVE","Strata Terrace","28","OCR","Freehold","New Sale","1","2783400","-","3294","Strata","-","845","Dec-2018"
"78","BELGRAVIA GREEN","BELGRAVIA DRIVE","Strata Terrace","28","OCR","Freehold","New Sale","1","3086590","-","3638","Strata","-","848","Dec-2018"
"79","BELGRAVIA GREEN","BELGRAVIA DRIVE","Strata Terrace","28","OCR","Freehold","New Sale","1","3042430","-","3466","Strata","-","878","Dec-2018"
"80","BELGRAVIA GREEN","BELGRAVIA DRIVE","Strata Terrace","28","OCR","Freehold","New Sale","1","3042430","-","3466","Strata","-","878","Dec-2018"
"81","BELGRAVIA GREEN","BELGRAVIA DRIVE","Strata Terrace","28","OCR","Freehold","New Sale","1","3097066","-","3595","Strata","-","861","Dec-2018"
"82","BELGRAVIA GREEN","BELGRAVIA DRIVE","Strata Terrace","28","OCR","Freehold","New Sale","1","2701910","-","3132","Strata","-","863","Dec-2018"
"83","CABANA","SUNRISE TERRACE","Strata Terrace","28","OCR","103 yrs lease commencing from 2009","Resale","1","1850000","-","2917","Strata","-","634","Nov-2018"
"84","THE SHAUGHNESSY","MILTONIA CLOSE","Strata Terrace","27","OCR","99 yrs lease commencing from 2001","Resale","1","1670000","-","3283","Strata","-","509","Nov-2018"
"85","BELGRAVIA GREEN","BELGRAVIA DRIVE","Strata Semi-detached","28","OCR","Freehold","New Sale","1","3756340","-","4004","Strata","-","938","Nov-2018"
"86","BELGRAVIA GREEN","BELGRAVIA DRIVE","Strata Terrace","28","OCR","Freehold","New Sale","1","3061150","-","3455","Strata","-","886","Nov-2018"
"87","BELGRAVIA GREEN","BELGRAVIA DRIVE","Strata Terrace","28","OCR","Freehold","New Sale","1","3061630","-","3466","Strata","-","883","Nov-2018"
"88","BELGRAVIA GREEN","BELGRAVIA DRIVE","Strata Terrace","28","OCR","Freehold","New Sale","1","3129790","-","3638","Strata","-","860","Nov-2018"
"89","BELGRAVIA GREEN","BELGRAVIA DRIVE","Strata Terrace","28","OCR","Freehold","New Sale","1","3041950","-","3595","Strata","-","846","Nov-2018"
"90","BELGRAVIA GREEN","BELGRAVIA DRIVE","Strata Terrace","28","OCR","Freehold","New Sale","1","3148990","-","3638","Strata","-","866","Nov-2018"
"91","BELGRAVIA GREEN","BELGRAVIA DRIVE","Strata Terrace","28","OCR","Freehold","New Sale","1","3187390","-","3638","Strata","-","876","Nov-2018"
"92","BELGRAVIA GREEN","BELGRAVIA DRIVE","Strata Terrace","28","OCR","Freehold","New Sale","1","3055724","-","3638","Strata","-","840","Nov-2018"
"93","BELGRAVIA GREEN","BELGRAVIA DRIVE","Strata Terrace","28","OCR","Freehold","New Sale","1","2803000","-","3294","Strata","-","851","Nov-2018"
"94","BELGRAVIA GREEN","BELGRAVIA DRIVE","Strata Terrace","28","OCR","Freehold","New Sale","1","3098492","-","3638","Strata","-","852","Nov-2018"
"95","BELGRAVIA GREEN","BELGRAVIA DRIVE","Strata Terrace","28","OCR","Freehold","New Sale","1","3061150","-","3595","Strata","-","851","Nov-2018"
"96","BELGRAVIA GREEN","BELGRAVIA DRIVE","Strata Semi-detached","28","OCR","Freehold","New Sale","1","3731840","-","4004","Strata","-","932","Nov-2018"
"97","BELGRAVIA GREEN","BELGRAVIA DRIVE","Strata Terrace","28","OCR","Freehold","New Sale","1","2674620","-","3132","Strata","-","854","Nov-2018"
"98","BELGRAVIA GREEN","BELGRAVIA DRIVE","Strata Terrace","28","OCR","Freehold","New Sale","1","3120190","-","3638","Strata","-","858","Nov-2018"
"99","BELGRAVIA GREEN","BELGRAVIA DRIVE","Strata Terrace","28","OCR","Freehold","New Sale","1","3134590","-","3638","Strata","-","862","Nov-2018"
"100","SUMMER VILLAS","GERALD DRIVE","Strata Terrace","28","OCR","Freehold","Resale","1","2380000","-","3617","Strata","01 to 05","658","Oct-2018"
"101","ALANA","SUNRISE TERRACE","Strata Terrace","28","OCR","103 yrs lease commencing from 2013","Sub Sale","1","2530000","-","3057","Strata","-","828","Oct-2018"
"102","WATERCOVE","WAK HASSAN DRIVE","Strata Terrace","27","OCR","Freehold","New Sale","1","2450000","-","3337","Strata","-","734","Oct-2018"
"103","WATERCOVE","WAK HASSAN DRIVE","Strata Terrace","27","OCR","Freehold","New Sale","1","2400000","-","3466","Strata","-","692","Sep-2018"
"104","ESTE VILLA","NIM ROAD","Strata Terrace","28","OCR","Freehold","Resale","1","2600000","-","3810","Strata","-","682","Sep-2018"
"105","SPRINGHILL","SEMBAWANG WALK","Strata Terrace","27","OCR","99 yrs lease commencing from 2002","Resale","1","1380000","-","2939","Strata","01 to 05","470","Sep-2018"
"106","WATERCOVE","WAK HASSAN DRIVE","Strata Terrace","27","OCR","Freehold","New Sale","1","2950000","-","3348","Strata","-","881","Sep-2018"
"107","WATERCOVE","WAK HASSAN DRIVE","Strata Terrace","27","OCR","Freehold","New Sale","1","2308000","-","3412","Strata","-","676","Sep-2018"
"108","SPRINGHILL","SEMBAWANG WALK","Strata Terrace","27","OCR","99 yrs lease commencing from 2002","Resale","1","1300000","-","2745","Strata","01 to 05","474","Sep-2018"
"109","WATERCOVE","WAK HASSAN DRIVE","Strata Terrace","27","OCR","Freehold","New Sale","1","2298000","-","3434","Strata","-","669","Sep-2018"
"110","ESTE VILLA","NIM ROAD","Strata Terrace","28","OCR","Freehold","Resale","1","2450000","-","3358","Strata","-","730","Aug-2018"
"111","SPRINGHILL","SEMBAWANG WALK","Strata Terrace","27","OCR","99 yrs lease commencing from 2002","Resale","1","1488000","-","2906","Strata","01 to 05","512","Aug-2018"
"112","CABANA","SUNRISE TERRACE","Strata Terrace","28","OCR","103 yrs lease commencing from 2009","Resale","1","1900000","-","2917","Strata","-","651","Aug-2018"
"113","WATERCOVE","WAK HASSAN DRIVE","Strata Terrace","27","OCR","Freehold","New Sale","1","2380000","-","3541","Strata","-","672","Jul-2018"
"114","THE SHAUGHNESSY","MILTONIA CLOSE","Strata Terrace","27","OCR","99 yrs lease commencing from 2001","Resale","1","1540000","-","3434","Strata","-","448","Jul-2018"
"115","8 @ STRATTON","STRATTON GREEN","Strata Semi-detached","28","OCR","Freehold","Resale","1","2700000","-","5113","Strata","-","528","Jul-2018"
"116","THE SHAUGHNESSY","MILTONIA CLOSE","Strata Terrace","27","OCR","99 yrs lease commencing from 2001","Resale","1","1600000","-","3595","Strata","-","445","Jul-2018"
"117","WATERCOVE","WAK HASSAN DRIVE","Strata Terrace","27","OCR","Freehold","New Sale","1","2550000","-","3466","Strata","-","736","Jul-2018"
"118","THE SHAUGHNESSY","MILTONIA CLOSE","Strata Terrace","27","OCR","99 yrs lease commencing from 2001","Resale","1","1528000","-","3283","Strata","-","465","Jul-2018"
"119","THE SHAUGHNESSY","MILTONIA CLOSE","Strata Terrace","27","OCR","99 yrs lease commencing from 2001","Resale","1","1480000","-","3283","Strata","-","451","Jul-2018"
"120","WATERCOVE","WAK HASSAN DRIVE","Strata Terrace","27","OCR","Freehold","New Sale","1","2308000","-","3477","Strata","-","664","Jul-2018"
"121","THE SHAUGHNESSY","MILTONIA CLOSE","Strata Terrace","27","OCR","99 yrs lease commencing from 2001","Resale","1","1550000","-","3283","Strata","-","472","Jul-2018"
"122","THE SHAUGHNESSY","MILTONIA CLOSE","Strata Terrace","27","OCR","99 yrs lease commencing from 2001","Resale","1","1628000","-","3305","Strata","-","493","Jun-2018"
"123","WATERCOVE","WAK HASSAN DRIVE","Strata Terrace","27","OCR","Freehold","New Sale","1","2358000","-","3552","Strata","-","664","Jun-2018"
"124","THE SHAUGHNESSY","MILTONIA CLOSE","Strata Terrace","27","OCR","99 yrs lease commencing from 2001","Resale","1","1580000","-","3498","Strata","-","452","Jun-2018"
"125","CABANA","SUNRISE TERRACE","Strata Terrace","28","OCR","103 yrs lease commencing from 2009","Resale","1","1880880","-","2917","Strata","-","645","Jun-2018"
"126","WATERCOVE","WAK HASSAN DRIVE","Strata Semi-detached","27","OCR","Freehold","New Sale","1","2600000","-","3843","Strata","-","677","Jun-2018"
"127","WATERCOVE","WAK HASSAN DRIVE","Strata Terrace","27","OCR","Freehold","New Sale","1","2400000","-","3466","Strata","-","692","Jun-2018"
"128","ESTE VILLA","NIM ROAD","Strata Terrace","28","OCR","Freehold","Resale","1","2620000","-","3810","Strata","-","688","Jun-2018"
"129","THE GARDENS AT GERALD","GERALD DRIVE","Strata Terrace","28","OCR","999 yrs lease commencing from 1879","Resale","1","2360000","-","3520","Strata","-","670","Jun-2018"
"130","ALANA","SUNRISE TERRACE","Strata Terrace","28","OCR","103 yrs lease commencing from 2013","New Sale","1","2390863","2382517","2756","Strata","-","865","Jun-2018"
"131","DALLA VALE","SPRINGLEAF AVENUE","Strata Semi-detached","26","OCR","Freehold","Resale","1","1950000","-","3218","Strata","-","606","Jun-2018"
"132","WATERCOVE","WAK HASSAN DRIVE","Strata Terrace","27","OCR","Freehold","New Sale","1","2388000","-","3466","Strata","-","689","Jun-2018"
"133","WATERCOVE","WAK HASSAN DRIVE","Strata Terrace","27","OCR","Freehold","New Sale","1","3140000","-","3423","Strata","-","917","Jun-2018"
"134","POETS VILLAS","TAGORE AVENUE","Strata Semi-detached","26","OCR","99 yrs lease commencing from 2010","Resale","1","2140000","-","3649","Strata","-","586","Jun-2018"
"135","WATERCOVE","WAK HASSAN DRIVE","Strata Terrace","27","OCR","Freehold","New Sale","1","2298000","-","3466","Strata","-","663","Jun-2018"
"136","ATELIER VILLAS","YIO CHU KANG DRIVE","Strata Terrace","26","OCR","Freehold","Resale","1","1980000","-","3068","Strata","-","645","May-2018"
"137","WATERCOVE","WAK HASSAN DRIVE","Strata Semi-detached","27","OCR","Freehold","New Sale","1","2550000","-","3434","Strata","-","743","May-2018"
"138","SPRINGHILL","SEMBAWANG WALK","Strata Terrace","27","OCR","99 yrs lease commencing from 2002","Resale","1","1480000","-","2896","Strata","01 to 05","511","May-2018"
"139","ESTE VILLA","NIM ROAD","Strata Terrace","28","OCR","Freehold","Resale","1","2400000","-","3423","Strata","-","701","May-2018"
"140","SPRINGHILL","SEMBAWANG WALK","Strata Terrace","27","OCR","99 yrs lease commencing from 2002","Resale","1","1368000","-","2906","Strata","01 to 05","471","May-2018"
"141","ALANA","SUNRISE TERRACE","Strata Terrace","28","OCR","103 yrs lease commencing from 2013","New Sale","1","2450000","2441654","2756","Strata","-","886","May-2018"
"142","ESTE VILLA","NIM ROAD","Strata Terrace","28","OCR","Freehold","Resale","1","2400000","-","3412","Strata","-","703","May-2018"
"143","WATERCOVE","WAK HASSAN DRIVE","Strata Terrace","27","OCR","Freehold","New Sale","1","2334000","-","3466","Strata","-","673","May-2018"
"144","WATERCOVE","WAK HASSAN DRIVE","Strata Terrace","27","OCR","Freehold","New Sale","1","3000000","-","3531","Strata","-","850","May-2018"
"145","WATERCOVE","WAK HASSAN DRIVE","Strata Terrace","27","OCR","Freehold","New Sale","1","3108000","-","3444","Strata","-","902","May-2018"
"146","CABANA","SUNRISE TERRACE","Strata Terrace","28","OCR","103 yrs lease commencing from 2009","Resale","1","1830000","-","2917","Strata","-","627","May-2018"
"147","WATERCOVE","WAK HASSAN DRIVE","Strata Terrace","27","OCR","Freehold","New Sale","1","2500000","-","3638","Strata","-","687","May-2018"
"148","ESTE VILLA","NIM ROAD","Strata Terrace","28","OCR","Freehold","Resale","1","2430000","-","3358","Strata","-","724","Apr-2018"
"149","THE SHAUGHNESSY","MILTONIA CLOSE","Strata Terrace","27","OCR","99 yrs lease commencing from 2001","Resale","1","1620000","-","3305","Strata","-","490","Apr-2018"
"150","THE SHAUGHNESSY","MILTONIA CLOSE","Strata Terrace","27","OCR","99 yrs lease commencing from 2001","Resale","1","1530000","-","3509","Strata","-","436","Apr-2018"
"151","WATERCOVE","WAK HASSAN DRIVE","Strata Terrace","27","OCR","Freehold","New Sale","1","2338000","-","3466","Strata","-","675","Apr-2018"
"152","WATERCOVE","WAK HASSAN DRIVE","Strata Terrace","27","OCR","Freehold","New Sale","1","2820000","-","3455","Strata","-","816","Apr-2018"
"153","ESTE VILLA","NIM ROAD","Strata Terrace","28","OCR","Freehold","Resale","1","2400000","-","3423","Strata","-","701","Apr-2018"
"154","WATERCOVE","WAK HASSAN DRIVE","Strata Terrace","27","OCR","Freehold","New Sale","1","2298000","-","3466","Strata","-","663","Mar-2018"
"155","ATELIER VILLAS","YIO CHU KANG DRIVE","Strata Terrace","26","OCR","Freehold","Resale","1","1980000","-","2982","Strata","-","664","Mar-2018"
"156","BELGRAVIA VILLAS","BELGRAVIA DRIVE","Strata Semi-detached","28","OCR","Freehold","New Sale","1","3570000","-","3961","Strata","-","901","Mar-2018"
"157","THE GARDENS AT GERALD","GERALD DRIVE","Strata Terrace","28","OCR","999 yrs lease commencing from 1879","Resale","1","2200000","-","3434","Strata","-","641","Mar-2018"
"158","BELGRAVIA VILLAS","BELGRAVIA DRIVE","Strata Terrace","28","OCR","Freehold","New Sale","1","3074030","-","3584","Strata","-","858","Mar-2018"
"159","BELGRAVIA VILLAS","BELGRAVIA DRIVE","Strata Terrace","28","OCR","Freehold","New Sale","1","3100890","-","3584","Strata","-","865","Mar-2018"
"160","BELGRAVIA VILLAS","BELGRAVIA DRIVE","Strata Semi-detached","28","OCR","Freehold","New Sale","1","3680000","-","3961","Strata","-","929","Mar-2018"
"161","BELGRAVIA VILLAS","BELGRAVIA DRIVE","Strata Terrace","28","OCR","Freehold","New Sale","1","3055970","-","3584","Strata","-","853","Mar-2018"
"162","THE SHAUGHNESSY","MILTONIA CLOSE","Strata Terrace","27","OCR","99 yrs lease commencing from 2001","Resale","1","1500000","-","3283","Strata","-","457","Mar-2018"
"163","BELGRAVIA VILLAS","BELGRAVIA DRIVE","Strata Terrace","28","OCR","Freehold","New Sale","1","3100890","-","3584","Strata","-","865","Mar-2018"
"164","SPRINGHILL","SEMBAWANG WALK","Strata Terrace","27","OCR","99 yrs lease commencing from 2002","Resale","1","1720000","-","3993","Strata","01 to 05","431","Feb-2018"
"165","MIMOSA PARK","MIMOSA ROAD","Strata Terrace","28","OCR","Freehold","Resale","1","2188000","-","2906","Strata","-","753","Feb-2018"
"166","WATERCOVE","WAK HASSAN DRIVE","Strata Terrace","27","OCR","Freehold","New Sale","1","2368000","-","3466","Strata","-","683","Feb-2018"
"167","WATERCOVE","WAK HASSAN DRIVE","Strata Terrace","27","OCR","Freehold","New Sale","1","2883000","-","3348","Strata","-","861","Feb-2018"
"168","WATERCOVE","WAK HASSAN DRIVE","Strata Terrace","27","OCR","Freehold","New Sale","1","2298000","-","3466","Strata","-","663","Feb-2018"
"169","BELGRAVIA VILLAS","BELGRAVIA DRIVE","Strata Terrace","28","OCR","Freehold","New Sale","1","2935400","-","3584","Strata","-","819","Feb-2018"
"170","WATERCOVE","WAK HASSAN DRIVE","Strata Terrace","27","OCR","Freehold","New Sale","1","2270000","-","3466","Strata","-","655","Feb-2018"
"171","WATERCOVE","WAK HASSAN DRIVE","Strata Terrace","27","OCR","Freehold","New Sale","1","2807000","-","3348","Strata","-","839","Feb-2018"
"172","BELGRAVIA VILLAS","BELGRAVIA DRIVE","Strata Semi-detached","28","OCR","Freehold","New Sale","1","3700000","-","3961","Strata","-","934","Jan-2018"
"173","THE SHAUGHNESSY","MILTONIA CLOSE","Strata Terrace","27","OCR","99 yrs lease commencing from 2001","Resale","1","1500000","-","3305","Strata","-","454","Jan-2018"
"174","BELGRAVIA VILLAS","BELGRAVIA DRIVE","Strata Terrace","28","OCR","Freehold","New Sale","1","2916350","-","3584","Strata","-","814","Jan-2018"
"175","BELGRAVIA VILLAS","BELGRAVIA DRIVE","Strata Terrace","28","OCR","Freehold","New Sale","1","3007490","-","3584","Strata","-","839","Jan-2018"
"176","WATERCOVE","WAK HASSAN DRIVE","Strata Terrace","27","OCR","Freehold","New Sale","1","2580000","-","3520","Strata","-","733","Jan-2018"
"177","BELGRAVIA VILLAS","BELGRAVIA DRIVE","Strata Semi-detached","28","OCR","Freehold","New Sale","1","3600000","-","3961","Strata","-","909","Jan-2018"
"178","SPRINGLEAF VILLAS","SPRINGLEAF CRESCENT","Strata Semi-detached","26","OCR","Freehold","Resale","1","2060000","-","3552","Strata","-","580","Jan-2018"
"179","SPRINGHILL","SEMBAWANG WALK","Strata Terrace","27","OCR","99 yrs lease commencing from 2002","Resale","1","1300000","-","2766","Strata","01 to 05","470","Dec-2017"
"180","WATERCOVE","WAK HASSAN DRIVE","Strata Terrace","27","OCR","Freehold","New Sale","1","2258000","-","3466","Strata","-","651","Dec-2017"
"181","ATELIER VILLAS","YIO CHU KANG DRIVE","Strata Terrace","26","OCR","Freehold","Resale","1","1980000","-","3240","Strata","-","611","Dec-2017"
"182","BELGRAVIA VILLAS","BELGRAVIA DRIVE","Strata Terrace","28","OCR","Freehold","New Sale","1","3055970","-","3584","Strata","-","853","Dec-2017"
"183","BELGRAVIA VILLAS","BELGRAVIA DRIVE","Strata Terrace","28","OCR","Freehold","New Sale","1","3265530","-","3767","Strata","-","867","Dec-2017"
"184","CABANA","SUNRISE TERRACE","Strata Terrace","28","OCR","103 yrs lease commencing from 2009","Resale","1","2000000","-","3165","Strata","-","632","Dec-2017"
"185","BELGRAVIA VILLAS","BELGRAVIA DRIVE","Strata Terrace","28","OCR","Freehold","New Sale","1","3166180","-","3584","Strata","-","883","Dec-2017"
"186","BELGRAVIA VILLAS","BELGRAVIA DRIVE","Strata Terrace","28","OCR","Freehold","New Sale","1","3024130","-","3584","Strata","-","844","Dec-2017"
"187","BELGRAVIA VILLAS","BELGRAVIA DRIVE","Strata Terrace","28","OCR","Freehold","New Sale","1","3304570","-","3767","Strata","-","877","Dec-2017"
"188","WATERCOVE","WAK HASSAN DRIVE","Strata Terrace","27","OCR","Freehold","New Sale","1","2290000","-","3466","Strata","-","661","Dec-2017"
"189","BELGRAVIA VILLAS","BELGRAVIA DRIVE","Strata Terrace","28","OCR","Freehold","New Sale","1","3107400","-","3584","Strata","-","867","Dec-2017"
"190","ESTE VILLA","NIM ROAD","Strata Terrace","28","OCR","Freehold","Resale","1","2300000","-","3401","Strata","-","676","Nov-2017"
"191","BELGRAVIA VILLAS","BELGRAVIA DRIVE","Strata Terrace","28","OCR","Freehold","New Sale","1","2969640","-","3584","Strata","-","828","Nov-2017"
"192","CABANA","SUNRISE TERRACE","Strata Terrace","28","OCR","103 yrs lease commencing from 2009","Resale","1","1800000","-","2917","Strata","-","617","Nov-2017"
"193","BELGRAVIA VILLAS","BELGRAVIA DRIVE","Strata Terrace","28","OCR","Freehold","New Sale","1","2904500","-","3584","Strata","-","810","Nov-2017"
"194","WATERCOVE","WAK HASSAN DRIVE","Strata Terrace","27","OCR","Freehold","New Sale","1","2393000","-","3466","Strata","-","690","Nov-2017"
"195","POETS VILLAS","TAGORE AVENUE","Strata Semi-detached","26","OCR","99 yrs lease commencing from 2010","Resale","1","1900000","-","3251","Strata","-","584","Nov-2017"
"196","ESTE VILLA","NIM ROAD","Strata Terrace","28","OCR","Freehold","Resale","1","2250000","-","3401","Strata","-","661","Nov-2017"
"197","BELGRAVIA VILLAS","BELGRAVIA DRIVE","Strata Terrace","28","OCR","Freehold","New Sale","1","3039490","-","3584","Strata","-","848","Nov-2017"
"198","WATERCOVE","WAK HASSAN DRIVE","Strata Terrace","27","OCR","Freehold","New Sale","1","2508000","-","3466","Strata","-","724","Nov-2017"
"199","BELGRAVIA VILLAS","BELGRAVIA DRIVE","Strata Terrace","28","OCR","Freehold","New Sale","1","3074030","-","3584","Strata","-","858","Nov-2017"
"200","WATERCOVE","WAK HASSAN DRIVE","Strata Terrace","27","OCR","Freehold","New Sale","1","2560000","-","3509","Strata","-","730","Nov-2017"
"201","WATERCOVE","WAK HASSAN DRIVE","Strata Terrace","27","OCR","Freehold","New Sale","1","2380000","-","3466","Strata","-","687","Nov-2017"
"202","BELGRAVIA VILLAS","BELGRAVIA DRIVE","Strata Terrace","28","OCR","Freehold","New Sale","1","2992300","-","3584","Strata","-","835","Nov-2017"
"203","THE SHAUGHNESSY","MILTONIA CLOSE","Strata Terrace","27","OCR","99 yrs lease commencing from 2001","Resale","1","1500000","-","3488","Strata","-","430","Nov-2017"
"204","BELGRAVIA VILLAS","BELGRAVIA DRIVE","Strata Terrace","28","OCR","Freehold","New Sale","1","3100890","-","3584","Strata","-","865","Oct-2017"
"205","BELGRAVIA VILLAS","BELGRAVIA DRIVE","Strata Terrace","28","OCR","Freehold","New Sale","1","3134520","-","3584","Strata","-","874","Oct-2017"
"206","THE SHAUGHNESSY","MILTONIA CLOSE","Strata Terrace","27","OCR","99 yrs lease commencing from 2001","Resale","1","1630000","-","3746","Strata","-","435","Oct-2017"
"207","WATERCOVE","WAK HASSAN DRIVE","Strata Terrace","27","OCR","Freehold","New Sale","1","2238000","-","3466","Strata","-","646","Oct-2017"
"208","BELGRAVIA VILLAS","BELGRAVIA DRIVE","Strata Semi-detached","28","OCR","Freehold","New Sale","1","3660730","-","3961","Strata","-","924","Oct-2017"
"209","WATERCOVE","WAK HASSAN DRIVE","Strata Terrace","27","OCR","Freehold","New Sale","1","2450000","-","3466","Strata","-","707","Oct-2017"
"210","BELGRAVIA VILLAS","BELGRAVIA DRIVE","Strata Terrace","28","OCR","Freehold","New Sale","1","2963000","-","3584","Strata","-","827","Oct-2017"
"211","THE SHAUGHNESSY","MILTONIA CLOSE","Strata Terrace","27","OCR","99 yrs lease commencing from 2001","Resale","1","1370000","-","3283","Strata","-","417","Oct-2017"
"212","SPRINGHILL","SEMBAWANG WALK","Strata Terrace","27","OCR","99 yrs lease commencing from 2002","Resale","1","1330000","-","2906","Strata","01 to 05","458","Oct-2017"
"213","SPRINGHILL","SEMBAWANG WALK","Strata Terrace","27","OCR","99 yrs lease commencing from 2002","Resale","1","1330000","-","2906","Strata","01 to 05","458","Oct-2017"
"214","SPRINGHILL","SEMBAWANG WALK","Strata Terrace","27","OCR","99 yrs lease commencing from 2002","Resale","1","1420000","-","2896","Strata","01 to 05","490","Oct-2017"
"215","BELGRAVIA VILLAS","BELGRAVIA DRIVE","Strata Terrace","28","OCR","Freehold","New Sale","1","2932420","-","3584","Strata","-","818","Oct-2017"
"216","BELGRAVIA VILLAS","BELGRAVIA DRIVE","Strata Terrace","28","OCR","Freehold","New Sale","1","2944830","-","3584","Strata","-","822","Oct-2017"
"217","BELGRAVIA VILLAS","BELGRAVIA DRIVE","Strata Terrace","28","OCR","Freehold","New Sale","1","3086020","-","3584","Strata","-","861","Oct-2017"
"218","BELGRAVIA VILLAS","BELGRAVIA DRIVE","Strata Terrace","28","OCR","Freehold","New Sale","1","2842700","-","3584","Strata","-","793","Oct-2017"
"219","BELGRAVIA VILLAS","BELGRAVIA DRIVE","Strata Terrace","28","OCR","Freehold","New Sale","1","2904500","-","3584","Strata","-","810","Oct-2017"
"220","BELGRAVIA VILLAS","BELGRAVIA DRIVE","Strata Terrace","28","OCR","Freehold","New Sale","1","2854300","-","3584","Strata","-","796","Oct-2017"
"221","BELGRAVIA VILLAS","BELGRAVIA DRIVE","Strata Terrace","28","OCR","Freehold","New Sale","1","3020780","-","3584","Strata","-","843","Oct-2017"
"222","BELGRAVIA VILLAS","BELGRAVIA DRIVE","Strata Terrace","28","OCR","Freehold","New Sale","1","3068250","-","3584","Strata","-","856","Sep-2017"
"223","BELGRAVIA VILLAS","BELGRAVIA DRIVE","Strata Terrace","28","OCR","Freehold","New Sale","1","2800000","-","3584","Strata","-","781","Sep-2017"
"224","BELGRAVIA VILLAS","BELGRAVIA DRIVE","Strata Terrace","28","OCR","Freehold","New Sale","1","2800000","-","3584","Strata","-","781","Sep-2017"
"225","BELGRAVIA VILLAS","BELGRAVIA DRIVE","Strata Terrace","28","OCR","Freehold","New Sale","1","3068250","-","3584","Strata","-","856","Sep-2017"
"226","ESTE VILLA","NIM ROAD","Strata Terrace","28","OCR","Freehold","Resale","1","2180000","-","3412","Strata","-","639","Sep-2017"
"227","BELGRAVIA VILLAS","BELGRAVIA DRIVE","Strata Terrace","28","OCR","Freehold","New Sale","1","2916350","-","3584","Strata","-","814","Sep-2017"
"228","BELGRAVIA VILLAS","BELGRAVIA DRIVE","Strata Terrace","28","OCR","Freehold","New Sale","1","3002970","-","3584","Strata","-","838","Sep-2017"
"229","BELGRAVIA VILLAS","BELGRAVIA DRIVE","Strata Terrace","28","OCR","Freehold","New Sale","1","2962580","-","3767","Strata","-","786","Sep-2017"
"230","THE SHAUGHNESSY","MILTONIA CLOSE","Strata Terrace","27","OCR","99 yrs lease commencing from 2001","Resale","1","1560000","-","3584","Strata","-","435","Sep-2017"
"231","BELGRAVIA VILLAS","BELGRAVIA DRIVE","Strata Semi-detached","28","OCR","Freehold","New Sale","1","3670230","-","3961","Strata","-","927","Sep-2017"
"232","BELGRAVIA VILLAS","BELGRAVIA DRIVE","Strata Terrace","28","OCR","Freehold","New Sale","1","2962580","-","3767","Strata","-","786","Sep-2017"
"233","BELGRAVIA VILLAS","BELGRAVIA DRIVE","Strata Terrace","28","OCR","Freehold","New Sale","1","2842700","-","3584","Strata","-","793","Aug-2017"
"234","THE SHAUGHNESSY","MILTONIA CLOSE","Strata Terrace","27","OCR","99 yrs lease commencing from 2001","Resale","1","1408888","-","3305","Strata","-","426","Aug-2017"
"235","BELGRAVIA VILLAS","BELGRAVIA DRIVE","Strata Terrace","28","OCR","Freehold","New Sale","1","2944830","-","3584","Strata","-","822","Aug-2017"
"236","BELGRAVIA VILLAS","BELGRAVIA DRIVE","Strata Terrace","28","OCR","Freehold","New Sale","1","3054120","-","3584","Strata","-","852","Aug-2017"
"237","BELGRAVIA VILLAS","BELGRAVIA DRIVE","Strata Terrace","28","OCR","Freehold","New Sale","1","2882170","-","3584","Strata","-","804","Aug-2017"
"238","BELGRAVIA VILLAS","BELGRAVIA DRIVE","Strata Semi-detached","28","OCR","Freehold","New Sale","1","3489920","-","3961","Strata","-","881","Aug-2017"
"239","WATERCOVE","WAK HASSAN DRIVE","Strata Terrace","27","OCR","Freehold","New Sale","1","2800000","-","3348","Strata","-","836","Aug-2017"
"240","WATERCOVE","WAK HASSAN DRIVE","Strata Terrace","27","OCR","Freehold","New Sale","1","2933000","-","3466","Strata","-","846","Aug-2017"
"241","WATERCOVE","WAK HASSAN DRIVE","Strata Terrace","27","OCR","Freehold","New Sale","1","2360000","-","3466","Strata","-","681","Jul-2017"
"242","BELGRAVIA VILLAS","BELGRAVIA DRIVE","Strata Terrace","28","OCR","Freehold","New Sale","1","2807740","-","3584","Strata","-","783","Jul-2017"
"243","BELGRAVIA VILLAS","BELGRAVIA DRIVE","Strata Terrace","28","OCR","Freehold","New Sale","1","2807740","-","3584","Strata","-","783","Jul-2017"
"244","BELGRAVIA VILLAS","BELGRAVIA DRIVE","Strata Terrace","28","OCR","Freehold","New Sale","1","2751620","-","3584","Strata","-","768","Jul-2017"
"245","ESTE VILLA","NIM ROAD","Strata Terrace","28","OCR","Freehold","Resale","1","2220000","-","3401","Strata","-","653","Jul-2017"
"246","ESTE VILLA","NIM ROAD","Strata Terrace","28","OCR","Freehold","Resale","1","2220000","-","3358","Strata","-","661","Jul-2017"
"247","BELGRAVIA VILLAS","BELGRAVIA DRIVE","Strata Terrace","28","OCR","Freehold","New Sale","1","2751620","-","3584","Strata","-","768","Jul-2017"
"248","WATERCOVE","WAK HASSAN DRIVE","Strata Terrace","27","OCR","Freehold","New Sale","1","2690000","-","3358","Strata","-","801","Jul-2017"
"249","WATERCOVE","WAK HASSAN DRIVE","Strata Terrace","27","OCR","Freehold","New Sale","1","2680000","-","3358","Strata","-","798","Jul-2017"
"250","BELGRAVIA VILLAS","BELGRAVIA DRIVE","Strata Semi-detached","28","OCR","Freehold","New Sale","1","3489920","-","3961","Strata","-","881","Jul-2017"
"251","THE SHAUGHNESSY","MILTONIA CLOSE","Strata Terrace","27","OCR","99 yrs lease commencing from 2001","Resale","1","1450000","-","3498","Strata","-","414","Jul-2017"
"252","WATERCOVE","WAK HASSAN DRIVE","Strata Terrace","27","OCR","Freehold","New Sale","1","2900000","-","3552","Strata","-","816","Jul-2017"
"253","BELGRAVIA VILLAS","BELGRAVIA DRIVE","Strata Terrace","28","OCR","Freehold","New Sale","1","2580000","-","3520","Strata","-","733","Jul-2017"
"254","WATERCOVE","WAK HASSAN DRIVE","Strata Terrace","27","OCR","Freehold","New Sale","1","2419000","-","3466","Strata","-","698","Jul-2017"
"255","WATERCOVE","WAK HASSAN DRIVE","Strata Terrace","27","OCR","Freehold","New Sale","1","2848000","-","3477","Strata","-","819","Jul-2017"
"256","WATERCOVE","WAK HASSAN DRIVE","Strata Terrace","27","OCR","Freehold","New Sale","1","2790000","-","3412","Strata","-","818","Jul-2017"
"257","WATERCOVE","WAK HASSAN DRIVE","Strata Terrace","27","OCR","Freehold","New Sale","1","2236000","-","3466","Strata","-","645","Jul-2017"
"258","BELGRAVIA VILLAS","BELGRAVIA DRIVE","Strata Terrace","28","OCR","Freehold","New Sale","1","2807740","-","3584","Strata","-","783","Jul-2017"
"259","BELGRAVIA VILLAS","BELGRAVIA DRIVE","Strata Terrace","28","OCR","Freehold","New Sale","1","2874630","-","3703","Strata","-","776","Jul-2017"
"260","WATERCOVE","WAK HASSAN DRIVE","Strata Terrace","27","OCR","Freehold","New Sale","1","2246000","-","3412","Strata","-","658","Jul-2017"
"261","THE SHAUGHNESSY","MILTONIA CLOSE","Strata Terrace","27","OCR","99 yrs lease commencing from 2001","Resale","1","1490000","-","3283","Strata","-","454","Jul-2017"
"262","WATERCOVE","WAK HASSAN DRIVE","Strata Terrace","27","OCR","Freehold","New Sale","1","2700000","-","3466","Strata","-","779","Jul-2017"
"263","ESTE VILLA","NIM ROAD","Strata Terrace","28","OCR","Freehold","Resale","1","2400000","-","3412","Strata","-","703","Jul-2017"
"264","WATERCOVE","WAK HASSAN DRIVE","Strata Terrace","27","OCR","Freehold","New Sale","1","2250000","-","3466","Strata","-","649","Jul-2017"
"265","BELGRAVIA VILLAS","BELGRAVIA DRIVE","Strata Terrace","28","OCR","Freehold","New Sale","1","2769840","-","3584","Strata","-","773","Jul-2017"
"266","THE GARDENS AT GERALD","GERALD DRIVE","Strata Terrace","28","OCR","999 yrs lease commencing from 1879","Resale","1","1903000","-","3369","Strata","-","565","Jun-2017"
"267","BELGRAVIA VILLAS","BELGRAVIA DRIVE","Strata Terrace","28","OCR","Freehold","New Sale","1","2705000","-","3584","Strata","-","755","Jun-2017"
"268","WATERCOVE","WAK HASSAN DRIVE","Strata Terrace","27","OCR","Freehold","New Sale","1","2720000","-","3466","Strata","-","785","Jun-2017"
"269","BELGRAVIA VILLAS","BELGRAVIA DRIVE","Strata Terrace","28","OCR","Freehold","New Sale","1","2630000","-","3584","Strata","-","734","Jun-2017"
"270","WATERCOVE","WAK HASSAN DRIVE","Strata Terrace","27","OCR","Freehold","New Sale","1","2876000","-","3531","Strata","-","815","Jun-2017"
"271","BELGRAVIA VILLAS","BELGRAVIA DRIVE","Strata Terrace","28","OCR","Freehold","New Sale","1","3088070","-","3767","Strata","-","820","Jun-2017"
"272","THE SHAUGHNESSY","MILTONIA CLOSE","Strata Terrace","27","OCR","99 yrs lease commencing from 2001","Resale","1","1400000","-","3283","Strata","-","426","Jun-2017"
"273","BELGRAVIA VILLAS","BELGRAVIA DRIVE","Strata Terrace","28","OCR","Freehold","New Sale","1","2695690","-","3520","Strata","-","766","Jun-2017"
"274","BELGRAVIA VILLAS","BELGRAVIA DRIVE","Strata Terrace","28","OCR","Freehold","New Sale","1","2724300","-","3584","Strata","-","760","Jun-2017"
"275","MIMOSA PARK","MIMOSA CRESCENT","Strata Terrace","28","OCR","Freehold","Resale","1","1980000","-","3046","Strata","-","650","Jun-2017"
"276","BELGRAVIA VILLAS","BELGRAVIA DRIVE","Strata Terrace","28","OCR","Freehold","New Sale","1","2430000","-","3584","Strata","-","678","Jun-2017"
"277","WATERCOVE","WAK HASSAN DRIVE","Strata Terrace","27","OCR","Freehold","New Sale","1","2250000","-","3466","Strata","-","649","Jun-2017"
"278","BELGRAVIA VILLAS","BELGRAVIA DRIVE","Strata Semi-detached","28","OCR","Freehold","New Sale","1","3536380","-","3961","Strata","-","893","Jun-2017"
"279","MIMOSA PARK","MIMOSA CRESCENT","Strata Terrace","28","OCR","Freehold","Resale","1","2134000","-","3197","Strata","-","668","Jun-2017"
"280","WATERCOVE","WAK HASSAN DRIVE","Strata Terrace","27","OCR","Freehold","New Sale","1","2594000","-","3348","Strata","-","775","Jun-2017"
"281","BELGRAVIA VILLAS","BELGRAVIA DRIVE","Strata Terrace","28","OCR","Freehold","New Sale","1","2751620","-","3584","Strata","-","768","Jun-2017"
"282","BELGRAVIA VILLAS","BELGRAVIA DRIVE","Strata Terrace","28","OCR","Freehold","New Sale","1","2580000","-","3649","Strata","-","707","May-2017"
"283","WATERCOVE","WAK HASSAN DRIVE","Strata Terrace","27","OCR","Freehold","New Sale","1","2564000","-","3466","Strata","-","740","May-2017"
"284","WATERCOVE","WAK HASSAN DRIVE","Strata Terrace","27","OCR","Freehold","New Sale","1","2578000","-","3466","Strata","-","744","May-2017"
"285","WATERCOVE","WAK HASSAN DRIVE","Strata Terrace","27","OCR","Freehold","New Sale","1","2282000","-","3466","Strata","-","658","May-2017"
"286","WATERCOVE","WAK HASSAN DRIVE","Strata Terrace","27","OCR","Freehold","New Sale","1","2296000","-","3466","Strata","-","662","May-2017"
"287","WATERCOVE","WAK HASSAN DRIVE","Strata Terrace","27","OCR","Freehold","New Sale","1","2511000","-","3348","Strata","-","750","May-2017"
"288","THE SHAUGHNESSY","MILTONIA CLOSE","Strata Terrace","27","OCR","99 yrs lease commencing from 2001","Resale","1","1507000","-","3552","Strata","-","424","May-2017"
"289","THE SHAUGHNESSY","MILTONIA CLOSE","Strata Terrace","27","OCR","99 yrs lease commencing from 2001","Resale","1","1490000","-","3305","Strata","-","451","May-2017"
"290","THE SHAUGHNESSY","MILTONIA CLOSE","Strata Terrace","27","OCR","99 yrs lease commencing from 2001","Resale","1","1388000","-","3305","Strata","-","420","May-2017"
"291","WATERCOVE","WAK HASSAN DRIVE","Strata Terrace","27","OCR","Freehold","New Sale","1","2509000","-","3466","Strata","-","724","May-2017"
"292","BELGRAVIA VILLAS","BELGRAVIA DRIVE","Strata Terrace","28","OCR","Freehold","New Sale","1","2700000","-","3584","Strata","-","753","May-2017"
"293","WATERCOVE","WAK HASSAN DRIVE","Strata Terrace","27","OCR","Freehold","New Sale","1","2580000","-","3348","Strata","-","771","May-2017"
"294","WATERCOVE","WAK HASSAN DRIVE","Strata Terrace","27","OCR","Freehold","New Sale","1","2799000","-","3563","Strata","-","786","May-2017"
"295","WATERCOVE","WAK HASSAN DRIVE","Strata Terrace","27","OCR","Freehold","New Sale","1","2526000","-","3466","Strata","-","729","May-2017"
"296","WATERCOVE","WAK HASSAN DRIVE","Strata Terrace","27","OCR","Freehold","New Sale","1","3368000","-","4521","Strata","-","745","May-2017"
"297","WATERCOVE","WAK HASSAN DRIVE","Strata Terrace","27","OCR","Freehold","New Sale","1","2473000","-","3348","Strata","-","739","May-2017"
"298","WATERCOVE","WAK HASSAN DRIVE","Strata Terrace","27","OCR","Freehold","New Sale","1","2509000","-","3466","Strata","-","724","May-2017"
"299","WATERCOVE","WAK HASSAN DRIVE","Strata Terrace","27","OCR","Freehold","New Sale","1","2486000","-","3348","Strata","-","743","May-2017"
"300","WATERCOVE","WAK HASSAN DRIVE","Strata Terrace","27","OCR","Freehold","New Sale","1","3157000","-","4230","Strata","-","746","May-2017"
"301","BELGRAVIA VILLAS","BELGRAVIA DRIVE","Strata Terrace","28","OCR","Freehold","New Sale","1","2739110","-","3584","Strata","-","764","May-2017"
"302","BELGRAVIA VILLAS","BELGRAVIA DRIVE","Strata Terrace","28","OCR","Freehold","New Sale","1","2580000","-","3520","Strata","-","733","May-2017"
"303","BELGRAVIA VILLAS","BELGRAVIA DRIVE","Strata Terrace","28","OCR","Freehold","New Sale","1","2910050","-","3584","Strata","-","812","May-2017"
"304","BELGRAVIA VILLAS","BELGRAVIA DRIVE","Strata Terrace","28","OCR","Freehold","New Sale","1","2916030","-","3767","Strata","-","774","May-2017"
"305","BELGRAVIA VILLAS","BELGRAVIA DRIVE","Strata Terrace","28","OCR","Freehold","New Sale","1","2868650","-","3681","Strata","-","779","May-2017"
"306","BELGRAVIA VILLAS","BELGRAVIA DRIVE","Strata Terrace","28","OCR","Freehold","New Sale","1","2700000","-","3584","Strata","-","753","May-2017"
"307","THE SHAUGHNESSY","MILTONIA CLOSE","Strata Terrace","27","OCR","99 yrs lease commencing from 2001","Resale","1","1600000","-","3305","Strata","-","484","Apr-2017"
"308","THE GARDENS AT GERALD","GERALD DRIVE","Strata Terrace","28","OCR","999 yrs lease commencing from 1879","Resale","1","1800000","-","3638","Strata","-","495","Apr-2017"
"309","POETS VILLAS","TAGORE AVENUE","Strata Semi-detached","26","OCR","99 yrs lease commencing from 2010","Resale","1","2150000","-","3477","Strata","-","618","Apr-2017"
"310","BELGRAVIA VILLAS","BELGRAVIA DRIVE","Strata Terrace","28","OCR","Freehold","New Sale","1","2850000","-","3703","Strata","-","770","Apr-2017"
"311","THE SHAUGHNESSY","MILTONIA CLOSE","Strata Terrace","27","OCR","99 yrs lease commencing from 2001","Resale","1","1480000","-","3509","Strata","-","422","Apr-2017"
"312","THE SHAUGHNESSY","MILTONIA CLOSE","Strata Terrace","27","OCR","99 yrs lease commencing from 2001","Resale","1","1350000","-","3272","Strata","-","413","Apr-2017"
"313","CABANA","SUNRISE TERRACE","Strata Terrace","28","OCR","103 yrs lease commencing from 2009","Resale","1","1820000","-","3068","Strata","-","593","Apr-2017"
"314","SPRINGHILL","SEMBAWANG WALK","Strata Terrace","27","OCR","99 yrs lease commencing from 2002","Resale","1","1400000","-","2896","Strata","01 to 05","484","Mar-2017"
"315","THE SHAUGHNESSY","MILTONIA CLOSE","Strata Terrace","27","OCR","99 yrs lease commencing from 2001","Resale","1","1500000","-","3714","Strata","-","404","Mar-2017"
"316","BELGRAVIA VILLAS","BELGRAVIA DRIVE","Strata Terrace","28","OCR","Freehold","New Sale","1","3024000","-","3767","Strata","-","803","Mar-2017"
"317","D' KENARIS","JALAN KENARAH","Strata Semi-detached","28","OCR","999 yrs lease commencing from 1879","Resale","1","1765000","-","3100","Strata","-","569","Feb-2017"
"318","THE SHAUGHNESSY","MILTONIA CLOSE","Strata Terrace","27","OCR","99 yrs lease commencing from 2001","Resale","1","1380000","-","3283","Strata","-","420","Feb-2017"
"319","THE SHAUGHNESSY","MILTONIA CLOSE","Strata Terrace","27","OCR","99 yrs lease commencing from 2001","Resale","1","1350000","-","3283","Strata","-","411","Jan-2017"
"320","ESTE VILLA","NIM ROAD","Strata Terrace","28","OCR","Freehold","Resale","1","2180000","-","3358","Strata","-","649","Jan-2017"
"321","THE GARDENS AT GERALD","GERALD DRIVE","Strata Terrace","28","OCR","999 yrs lease commencing from 1879","Resale","1","1938000","-","3337","Strata","-","581","Dec-2016"
"322","ALANA","SUNRISE TERRACE","Strata Terrace","28","OCR","103 yrs lease commencing from 2013","New Sale","1","2300000","-","3079","Strata","-","747","Dec-2016"
"323","BELGRAVIA VILLAS","BELGRAVIA DRIVE","Strata Terrace","28","OCR","Freehold","New Sale","1","2930000","-","3703","Strata","-","791","Dec-2016"
"324","THE SHAUGHNESSY","MILTONIA CLOSE","Strata Terrace","27","OCR","99 yrs lease commencing from 2001","Resale","1","1445000","-","3423","Strata","-","422","Dec-2016"
"325","BELGRAVIA VILLAS","BELGRAVIA DRIVE","Strata Semi-detached","28","OCR","Freehold","New Sale","1","3300000","-","3961","Strata","-","833","Dec-2016"
"326","THE SHAUGHNESSY","MILTONIA CLOSE","Strata Terrace","27","OCR","99 yrs lease commencing from 2001","Resale","1","1368888","-","3283","Strata","-","417","Nov-2016"
"327","ATELIER VILLAS","YIO CHU KANG DRIVE","Strata Terrace","26","OCR","Freehold","Resale","1","1800000","-","3240","Strata","-","556","Nov-2016"
"328","POETS VILLAS","TAGORE AVENUE","Strata Semi-detached","26","OCR","99 yrs lease commencing from 2010","Resale","1","2000000","-","3649","Strata","-","548","Nov-2016"
"329","CABANA","SUNRISE TERRACE","Strata Terrace","28","OCR","103 yrs lease commencing from 2009","Resale","1","1738888","-","2917","Strata","-","596","Nov-2016"
"330","BELGRAVIA VILLAS","BELGRAVIA DRIVE","Strata Terrace","28","OCR","Freehold","New Sale","1","2800000","-","3584","Strata","-","781","Nov-2016"
"331","BELGRAVIA VILLAS","BELGRAVIA DRIVE","Strata Terrace","28","OCR","Freehold","New Sale","1","2650000","-","3584","Strata","-","739","Nov-2016"
"332","BELGRAVIA VILLAS","BELGRAVIA DRIVE","Strata Terrace","28","OCR","Freehold","New Sale","1","2550000","-","3584","Strata","-","711","Nov-2016"
"333","THE SHAUGHNESSY","MILTONIA CLOSE","Strata Terrace","27","OCR","99 yrs lease commencing from 2001","Resale","1","1450000","-","3305","Strata","-","439","Oct-2016"
"334","SPRINGHILL","SEMBAWANG WALK","Strata Terrace","27","OCR","99 yrs lease commencing from 2002","Resale","1","1450000","-","3089","Strata","01 to 05","469","Oct-2016"
"335","THE SHAUGHNESSY","MILTONIA CLOSE","Strata Terrace","27","OCR","99 yrs lease commencing from 2001","Resale","1","1550000","-","3444","Strata","-","450","Oct-2016"
"336","THE SHAUGHNESSY","MILTONIA CLOSE","Strata Terrace","27","OCR","99 yrs lease commencing from 2001","Resale","1","1350000","-","3315","Strata","-","407","Oct-2016"
"337","THE SHAUGHNESSY","MILTONIA CLOSE","Strata Terrace","27","OCR","99 yrs lease commencing from 2001","Resale","1","1350000","-","3283","Strata","-","411","Oct-2016"
"338","SPRINGHILL","SEMBAWANG WALK","Strata Terrace","27","OCR","99 yrs lease commencing from 2002","Resale","1","1458000","-","3046","Strata","01 to 05","479","Sep-2016"
"339","THE SHAUGHNESSY","MILTONIA CLOSE","Strata Terrace","27","OCR","99 yrs lease commencing from 2001","Resale","1","1400000","-","3283","Strata","-","426","Sep-2016"
"340","ESTE VILLA","NIM ROAD","Strata Terrace","28","OCR","Freehold","Resale","1","2230000","-","3380","Strata","-","660","Sep-2016"
"341","THE SHAUGHNESSY","MILTONIA CLOSE","Strata Terrace","27","OCR","99 yrs lease commencing from 2001","Resale","1","1460000","-","3283","Strata","-","445","Sep-2016"
"342","CABANA","SUNRISE TERRACE","Strata Terrace","28","OCR","103 yrs lease commencing from 2009","Resale","1","1965000","-","2917","Strata","-","674","Sep-2016"
"343","THE SHAUGHNESSY","MILTONIA CLOSE","Strata Terrace","27","OCR","99 yrs lease commencing from 2001","Resale","1","1462888","-","3283","Strata","-","446","Aug-2016"
"344","THE SHAUGHNESSY","MILTONIA CLOSE","Strata Terrace","27","OCR","99 yrs lease commencing from 2001","Resale","1","1300000","-","3283","Strata","-","396","Aug-2016"
"345","THE SHAUGHNESSY","MILTONIA CLOSE","Strata Terrace","27","OCR","99 yrs lease commencing from 2001","Resale","1","1530000","-","3283","Strata","-","466","Aug-2016"
"346","THE SHAUGHNESSY","MILTONIA CLOSE","Strata Terrace","27","OCR","99 yrs lease commencing from 2001","Resale","1","1150000","-","3412","Strata","-","337","Aug-2016"

346 record(s) retrieved based on user-specific search criteria

"Search By "Period (AUG 2016 to AUG 2019) & Property Type (Strata Landed) & Postal Districts: 26, 27, 28 & Type of Sale: New Sale ,  Sub Sale ,  Resale 

"Notes:"
"1","For conventional landed housing, the area pertaining to the transacted property refers to land area."
"","For strata sub-divided housing such as apartments, condominiums and strata landed housing (ie. cluster housing/townhouses), the area pertaining to the transacted property refers to strata area."
"","To convert Sqft to Sqm, divide by a factor 10.764."
"2","The column indicates whether the area pertaining to the transacted property and hence used in the computation of the unit transacted price (in $ psf) refers to land area or strata area."
"","For conventional landed housing, the type of area is listed as ''Land'' as the land area is provided in the caveat lodged and hence used for the computation of the  unit  transacted price (in $psf)."
"","For strata sub-divided housing such as apartments, condominiums and strata landed housing (ie. cluster housing/townhouses), the type of area is listed as ''Strata'' as the strata area is provided in the caveat lodged and hence used for the computation of the unit transacted price (in $psf)."
"3","For conventional landed housing, the unit transacted price (in $ psf) is computed based on land area."
"","For strata sub-divided housing such as apartments, condominiums and strata landed housing (ie. cluster housing/townhouses), the unit transacted price (in $ psf) is computed based on strata area."
"","To convert $ psf to $ psm, multiply by a factor 10.764."
"4","New sale transactions starting from 25 May 2015 onwards are based on options issued by developers. Hence, ''Date of Sale' refers to ''Date of Option Issued''."
"","For resale and subsale transactions and new sale transactions prior to 25 May 2015, ''Date of Sale'' refers to ''Date of Option Exercised/Sales Agreement Signed'' as indicated in the caveats lodged. ."
